time,x,y,z,phi,theta,psi,x_velocity,y_velocity,z_velocity,phi_velocity,theta_velocity,psi_velocity,rotor_speed1,rotor_speed2,rotor_speed3,rotor_speed4
0.06,0.00599856890737,0.0299909339084,10.0434705123,0.000308752147738,0.000134263173983,0.0,0.099928960846,0.499729981105,0.848865482062,0.00500410523894,-0.00538937611642,0.0,483.2192297797578,482.8128849341616,481.25554589679456,481.6340734920426
0.12000000000000001,0.0119761555727,0.0599729802933,10.0989923283,0.000622539823992,0.00405933332492,0.0,0.0989163559259,0.499709309904,1.0017395108,0.00205347930258,0.0160215502203,0.0,454.31420841477154,456.027453372801,453.173051240588,452.9357682270372
0.18,0.0178166587686,0.0899824879101,10.1631588248,0.00687720852699,0.00564184575999,0.0,0.0956060524161,0.501251365584,1.13701378196,0.0280051844313,0.0235385142263,0.0,448.5330743731363,449.1430068657167,448.06364726823824,450.16820654214234
0.23999999999999996,0.0234171063496,0.120211675159,10.2345953994,0.0124839135347,0.00991057197031,0.0,0.090615943743,0.5069443883,1.24408411486,0.0485445510448,0.0037855705171,0.0,441.3389156884013,439.70567962751375,439.5502945231929,441.24954271883144
0.3,0.0286365558033,0.150905802632,10.3126904924,0.0188596627822,0.011684939687,0.0,0.0831668297375,0.516835863178,1.35894066732,0.0677650520123,-0.0110931126984,0.0,444.86105737349226,443.64121115143996,441.3204015696998,442.905935632462
0.36000000000000004,0.0332879838706,0.182357675004,10.3995620239,0.0229848292031,0.0287116205811,0.0,0.0700019390872,0.532026602895,1.53651132219,0.0636401804704,0.0337993361521,0.0,461.0259460090534,464.5591155415053,462.8975146369314,462.5759260228403
0.4200000000000001,0.0368431385755,0.214787921487,10.4957446108,0.0280040409112,0.0346458523671,0.0,0.0478967540179,0.549526085901,1.6693530835,0.0503759643333,0.0542830570407,0.0,448.3578313630699,450.01968372252645,450.75913819237655,449.6884714639934
0.48000000000000015,0.0390071833735,0.248361272539,10.5980339843,0.0443598023372,0.0412734221363,0.0,0.0236135063271,0.571143164357,1.74009904152,0.0891933947295,0.0732299344134,0.0,429.903944009958,431.5090176982345,428.8276276443484,432.115329433478
0.5400000000000001,0.0394293041901,0.283758208451,10.7082402385,0.0673160845323,0.0470773142543,0.0,-0.0101871282845,0.611346239554,1.93294881193,0.133971007153,0.0850928685053,0.0,467.63353440265035,468.56103285027285,467.9961977949314,471.47728317157276
0.6000000000000002,0.0378680933016,0.321775593025,10.8260931713,0.0753474191007,0.0548518898905,0.0,-0.0425822707037,0.65665901283,1.99527008052,0.133551799815,0.101828896142,0.0,428.5604549816594,429.98777832052315,429.49792386227824,429.47955885580626
0.6600000000000003,0.0342162394196,0.362663328619,10.9476197442,0.0833490110741,0.0615057263463,0.0,-0.0797890404955,0.707017454474,2.05539406725,0.132105599227,0.0924591878826,0.0,429.23366713455835,428.44658638223746,429.5091855506587,429.40350044076854
0.7200000000000003,0.0279466895627,0.407060386583,11.076645051,0.0915748711572,0.0706365672986,0.0,-0.130204963072,0.773795713699,2.24491903193,0.124790432277,0.112029598925,0.0,469.0270417607802,470.552297388766,470.3767247993821,469.8243200622467
0.7800000000000004,0.0188908938729,0.455080859674,11.210875302,0.0998559026741,0.0773657859768,0.0,-0.172231122534,0.827587676976,2.2293201339,0.113757318504,0.109300849779,0.0,405.0363139326861,404.8030982655799,406.36059126599395,405.3851852134003
0.8400000000000004,0.00695246721206,0.506808210716,11.3472362315,0.11545308674,0.0840807407366,0.0,-0.226379884073,0.898152108773,2.31561391948,0.145022652291,0.103597923767,0.0,439.3225282392453,438.8597214298442,438.74415404420193,441.3464513514137
0.9000000000000005,-0.00861316570323,0.563350007015,11.4908889382,0.13364629156,0.103399873801,0.0,-0.294632834642,0.988469308057,2.47197954108,0.177592354314,0.0627258099574,0.0,464.2651381450011,461.0537897462731,461.09240095375384,463.68020061981775
0.9600000000000005,-0.0288446437433,0.625938492286,11.6456437546,0.146304973758,0.109727724619,0.0,-0.38047210969,1.09923709284,2.6856600376,0.16084066542,0.043942624234,0.0,481.24172598518703,479.81983644837976,482.7405100614761,481.50075885374946
1.0200000000000005,-0.0538106994073,0.694715800023,11.8081861949,0.155945527323,0.113981296892,0.0,-0.452103177821,1.19419644808,2.73205993049,0.160145768424,0.0567238554808,0.0,430.4970103156014,431.57866422087926,431.15419272140866,431.12087304237417
1.0800000000000005,-0.0830855207028,0.769278995778,11.9728331721,0.168655003945,0.118751217203,0.0,-0.524161076787,1.29236683148,2.75578975307,0.139617830611,0.042662009272,0.0,424.64996657824616,423.44391038354354,425.68672133880125,423.94989533902293
1.1400000000000006,-0.116937744706,0.850189292745,12.1402695797,0.177802967246,0.121583205553,0.0,-0.604505015868,1.4054499376,2.82497188644,0.148109638091,0.0356211918607,0.0,440.4196042985764,439.83773248807097,439.94129172413284,440.66296526469
1.2000000000000006,-0.155393902409,0.937663192328,12.3096397862,0.18679095572,0.123718093069,0.0,-0.677552410248,1.51107507801,2.82045815509,0.150598035854,0.033346608335,0.0,417.07240099880875,416.874293084856,416.24907212332124,416.4892530456232
1.2600000000000007,-0.199082544907,1.03284650342,12.4850881549,0.196807113306,0.125848082462,0.0,-0.778907796337,1.66270148702,3.02688248915,0.160309184055,0.0362626963456,0.0,485.04570075239104,485.2650302371524,482.98273298161536,483.7348484800785
1.3200000000000007,-0.24896005075,1.13739434657,12.6730408682,0.206818701359,0.135357903213,0.0,-0.884692777259,1.82320141998,3.23705695372,0.152136275396,0.0647529798724,0.0,486.07645875620284,488.20798516029424,487.90979877772526,487.3203688635477
1.3800000000000008,-0.304748791992,1.25082047375,12.8689069673,0.217123135031,0.13943167966,0.0,-0.975288637334,1.95852110684,3.2912322921,0.162876477966,0.068458973598,0.0,441.7511418621458,442.05990567765303,440.40352969735073,441.3141705215666
1.4400000000000008,-0.366570598704,1.37337104811,13.0714597616,0.235777097436,0.145331815671,0.0,-1.08603110436,2.12840256777,3.45917932213,0.129007354273,0.0525428758991,0.0,479.6226987093006,478.4149107142705,479.4859220258316,476.9258145446302
1.5000000000000009,-0.434978432913,1.50603489364,13.2821480671,0.243740958397,0.172436199976,0.0,-1.19693152332,2.29423446288,3.56255189569,0.133121798963,0.104967613482,0.0,459.2363123100111,463.3800160168516,461.53145752271763,461.8709844787285
1.560000000000001,-0.510999260413,1.6494523745,13.5014526474,0.259851393737,0.17882432399,0.0,-1.33769306347,2.48783791347,3.74606046231,0.163165323785,0.100267006851,0.0,488.74797945610413,488.4057377258798,487.7793450151876,490.0350655914988
1.620000000000001,-0.595462963445,1.80459769585,13.7307579533,0.274370841916,0.187181411243,0.0,-1.47856995519,2.68489220617,3.89595564191,0.185817600653,0.082262564197,0.0,482.43302353804756,481.0783506531345,480.93861797778226,482.67689099480845
1.680000000000001,-0.687932488937,1.97095136114,13.9657466359,0.285993434014,0.193624700086,0.0,-1.60430116609,2.86107698784,3.93607881507,0.176983077237,0.0675585582919,0.0,451.2654837446028,450.0815339283894,449.75932225135233,449.0751500084826
1.740000000000001,-0.787112214492,2.14669387971,14.1983518851,0.302236835715,0.20155659263,0.0,-1.7023169602,2.99809006445,3.8170780116,0.149774798634,0.0447515731399,0.0,397.32263468346594,395.22886975256495,397.7355656997555,395.2662924710331
1.8000000000000012,-0.893236162352,2.33222996692,14.428131574,0.31262500298,0.208546481331,0.0,-1.83570514909,3.18711641948,3.84133482768,0.135549106572,0.0663112415945,0.0,446.6065366800572,448.3635463748136,448.9836151613478,447.8473287392851
1.8600000000000012,-1.00773838856,2.52961826027,14.6603782967,0.321001047193,0.212822749942,0.0,-1.98135365001,3.39294161537,3.89923392564,0.139881186826,0.0590156019547,0.0,462.029017721478,461.4562082582209,460.18205743562413,460.5415396622162
1.9200000000000013,-1.13203167376,2.74090991699,14.9002378442,0.332348065317,0.216352137878,0.0,-2.16191115824,3.65081978851,4.09422430653,0.157546590796,0.0575806893383,0.0,505.64413415946893,505.5426726692395,505.96129527769773,507.24869072910104
1.9800000000000013,-1.26528638101,2.96498248218,15.1432588417,0.343396721881,0.220726233632,0.0,-2.28025891098,3.8189009606,4.00604881723,0.17023599809,0.0669515800443,0.0,416.77064440840473,417.59192235793336,416.34646979805194,417.4821969803678
2.0400000000000014,-1.40561483615,3.19913585128,15.3804801041,0.359533914523,0.225298363401,0.0,-2.39770949179,3.98721981118,3.90075017855,0.142347739606,0.0740001075063,0.0,411.5574961038008,412.1850683779492,413.37234468934463,410.9339652945761
2.1000000000000014,-1.55377992004,3.44465290326,15.614160241,0.368089864379,0.231624017691,0.0,-2.54162492073,4.19701541521,3.88770536643,0.142950271605,0.0577093417949,0.0,446.721154134464,445.394110677652,446.49343015402195,446.5614262966327
2.1600000000000015,-1.71019161564,3.70211087246,15.8449883214,0.382880282078,0.235889143085,0.0,-2.6724244526,4.38573625312,3.80582721322,0.169081473867,0.0466222423539,0.0,423.71156263846575,422.7592393658242,423.85000121622613,426.11312422910856
2.2200000000000015,-1.87464925672,3.97123408831,16.0712151407,0.393304081321,0.244489204801,0.0,-2.8101706161,4.58546444352,3.73427876421,0.161971725481,0.0190067548668,0.0,431.3777447225086,429.0397903145317,429.47097508775266,428.8950695316957
2.2800000000000016,-2.04798109044,4.2531905064,16.2948343187,0.403012855038,0.246932669137,0.0,-2.96766442732,4.81344137321,3.71873719129,0.160223835022,0.0303688045109,0.0,450.38892425078274,451.3071421275263,451.9078341488941,451.79120512043903
2.3400000000000016,-2.23031908761,4.54816501487,16.515595702,0.416253110084,0.251858954115,0.0,-3.11060264783,5.01963580504,3.63913132514,0.179919156083,0.0485061257472,0.0,430.1972186452018,431.7312530777762,430.1218026639437,431.8144436631969
2.4000000000000017,-2.42169060436,4.85624246654,16.7327984047,0.427048800389,0.254959749472,0.0,-3.26861505516,5.24998312578,3.59996793304,0.177490028573,0.0522345378806,0.0,447.98198180388783,448.2866352688297,447.0925224541023,446.92530516649913
2.4600000000000017,-2.62155000792,5.17656141175,16.9438277651,0.440070843347,0.262665357051,0.0,-3.39394253321,5.42782775439,3.43388157672,0.193205043247,0.027581685518,0.0,404.11611032732037,401.8885761691783,401.4762593117042,402.9360834857675
2.520000000000002,-2.8307039394,5.51030312075,17.150397828,0.451668340764,0.266666310969,0.0,-3.57803068894,5.69716204834,3.45025997898,0.193441275855,0.00956000016566,0.0,472.08689750801767,470.69399816871095,470.43559161940095,470.4880504579478
2.580000000000002,-3.04975325653,5.85838114308,17.3537952258,0.463650211923,0.267748848101,0.0,-3.7237013978,5.90586414983,3.32902114805,0.185421603451,0.000453547132847,0.0,424.49657858949706,423.7141256410045,425.792942128568,425.1433742683075
2.640000000000002,-3.27838654407,6.22042562364,17.5524885427,0.477293430003,0.268095243948,0.0,-3.89728673666,6.16270190537,3.29279221139,0.201644244582,-0.00705050335305,0.0,458.13522317710886,457.53808554255596,457.1728124226625,458.4981314932227
2.700000000000002,-3.51684403204,6.5970234777,17.7469267561,0.492271651087,0.267660502356,0.0,-4.05121079086,6.39109197146,3.18754170237,0.219070523414,-0.00806451313868,0.0,435.73465537299455,435.6499678823579,435.014464544784,436.5148370373458
2.760000000000002,-3.76504618065,6.98833796073,17.9365382603,0.506904762444,0.268017708558,0.0,-4.22207335523,6.65311288415,3.13148370234,0.231289470493,-0.0193822917468,0.0,457.43811791534864,456.53586822009544,455.3302553199069,456.35493122422815
2.820000000000002,-4.02376258857,7.39594757283,18.1234030625,0.520958977282,0.271298533072,0.0,-4.40184131976,6.93407594322,3.09570416901,0.234848702647,0.00254109501159,0.0,465.62031521787424,467.33280947512065,467.6362603321786,467.9643277029497
2.880000000000002,-4.2919939405,7.81815142235,18.303793149,0.536510633576,0.275453665492,0.0,-4.53948475013,7.13980876529,2.91652506159,0.22035309727,-0.0206079050706,0.0,417.0517649133293,415.0243419367954,418.0690935323049,416.86023771241554
2.940000000000002,-4.56962415318,8.25476222128,18.4765942621,0.551266458267,0.276809864751,0.0,-4.71477718689,7.41408139689,2.84200338042,0.20552813747,-0.0394874190529,0.0,460.2985510241609,458.8014749099226,459.82643399387405,458.6944556910378
3.000000000000002,-4.85687920167,8.70624909153,18.6420276155,0.563815420932,0.276714691239,0.0,-4.86039377202,7.63567330345,2.67182897334,0.209572327906,-0.0241247122031,0.0,424.43714256538755,425.753436826527,426.5279115047583,426.9172735286462
3.0600000000000023,-5.15412473322,9.1734418102,18.8008504277,0.577973391866,0.275401259107,0.0,-5.04741978476,7.93741494606,2.62060769871,0.222208468595,-0.0295112655329,0.0,473.6775540797706,473.2629362701696,473.0275196664561,474.0418580134399
3.1200000000000023,-5.46235129239,9.65841609255,18.9557799142,0.591321004422,0.27375805066,0.0,-5.2264568707,8.22832528232,2.54225591546,0.222811441142,-0.0348024320214,0.0,468.36822109273146,467.95611841164646,466.8374338616205,466.9309061688398
3.1800000000000024,-5.78094870521,10.1601650137,19.1047286181,0.605383606965,0.283950841449,0.0,-5.39391619062,8.49636930144,2.4210510934,0.212405969341,0.00240519825516,0.0,453.7532053538781,456.7312511472345,455.6550802755983,454.86860343331017
3.2400000000000024,-6.11062310741,10.6798078753,19.2487732293,0.618181755136,0.284099015395,0.0,-5.59486070504,8.8246108865,2.37849217421,0.208394169145,-0.000174327804822,0.0,489.5595524429816,489.3674888148072,488.5105186437578,488.25070415901445
3.3000000000000025,-6.45080687347,11.2161160361,19.3857672945,0.631230410779,0.284783705724,0.0,-5.74461175658,9.05227630034,2.18720374394,0.199016969493,-0.0105861145411,0.0,437.14298423364176,436.27425502367765,435.4742768737522,434.73130747770864
3.3600000000000025,-6.80124005776,11.7685763738,19.5145497665,0.643195819553,0.292716160532,0.0,-5.93669128898,9.36228124158,2.10358920189,0.199906103631,0.0203005986657,0.0,479.60347984958,481.94444441085653,481.14065944081324,481.2435460896701
3.4200000000000026,-7.16187037469,12.3367805073,19.6343403825,0.655859221606,0.29402058841,0.0,-6.08437781593,9.5777245815,1.88878291564,0.18966445862,0.0225366850836,0.0,433.0714085357176,433.2595305472069,433.4877213942169,432.6647771695318
3.4800000000000026,-7.53255619714,12.9201904194,19.7441095096,0.667311537787,0.308399331746,0.0,-6.27237364061,9.86819985429,1.76822043037,0.191647028913,0.0608918566706,0.0,471.7430676372904,474.6971376269974,474.7665375841617,474.95138583665215
3.5400000000000027,-7.9141407889,13.5199000784,19.8450978704,0.679288247193,0.312523284973,0.0,-6.44713308198,10.1215289096,1.59684549621,0.182778330829,0.0673002876548,0.0,457.47230853161017,457.9852545715898,459.5835395652813,458.9131739330102
3.6000000000000028,-8.30557576377,14.1334431484,19.9340236146,0.692520321246,0.317214942799,0.0,-6.60083569395,10.3295549625,1.36652581303,0.165045738318,0.0750373046334,0.0,435.869108575655,436.5193283453525,438.23488274028807,436.7885693858056
3.660000000000003,-8.70655127845,14.7599555655,20.0096433859,0.706565931272,0.322205123572,0.0,-6.76507919514,10.5536823788,1.15304787534,0.186173624449,0.0815824224423,0.0,446.4791453846068,447.0177394400117,445.7077182135614,447.46011599181855
3.720000000000003,-9.11723291782,15.3995084166,20.0718637505,0.72342202838,0.327239221942,0.0,-6.92432022999,10.764354187,0.919732830788,0.158824330469,0.076122871888,0.0,441.69030675339036,441.24477685572634,442.5602538156051,440.3329909639356
3.780000000000003,-9.53908832613,16.0547508086,20.1234104681,0.73405812727,0.331837560988,0.0,-7.13730294004,11.0756762318,0.796683534925,0.169209414108,0.0726514927202,0.0,492.2034688927996,491.9502015415989,490.6664800465067,491.4594761277585
3.840000000000003,-9.97181737792,16.7247808575,20.1632224825,0.745071743697,0.337188301086,0.0,-7.28718500367,11.2581016668,0.529951464351,0.178243923784,0.0824255022705,0.0,433.41458155435885,434.24035785334695,434.022552559269,434.80971724187066
3.900000000000003,-10.4128208913,17.4041819736,20.1853659122,0.756231155388,0.342223668831,0.0,-7.413261436,11.3883660187,0.208283891416,0.184606833121,0.0777290374624,0.0,409.5446528351677,409.132384829091,408.1357396249962,408.73810513513547
3.960000000000003,-10.8647171934,18.0976256816,20.1948435877,0.77022144601,0.349316059757,0.0,-7.64957103746,11.7246257853,0.104984269782,0.202143437334,0.05941490556,0.0,507.86406377389454,506.55152844458905,507.62520187208526,508.91284582494256
4.020000000000002,-11.3289723642,18.807590221,20.1941903326,0.788788288447,0.354081497385,0.0,-7.82532057293,11.9400482998,-0.128428963402,0.173120744343,0.0461520043193,0.0,460.0323711912444,458.98240480065755,459.7788299925814,457.50757386519035
4.080000000000001,-11.802387189,19.5277426297,20.1767033338,0.799195854457,0.356914992857,0.0,-7.95543768798,12.0647255605,-0.454244217197,0.169949479996,0.0479792256353,0.0,418.7445752220567,418.9050280983654,417.4161094702869,417.1696635742591
4.14,-12.2858558693,20.2595117356,20.143778048,0.810677295841,0.364503865969,0.0,-8.15996917681,12.3259125068,-0.64489971799,0.156275242631,0.0229745091802,0.0,483.32055770944646,481.432159918986,484.14845951447836,483.14177856389654
4.199999999999998,-12.7797191055,21.0031587518,20.0958153498,0.823596970518,0.368108892607,0.0,-8.30220584981,12.4617757397,-0.954120991628,0.134419443839,0.00538462014956,0.0,431.57247161174223,430.08437730209744,431.5279836749228,429.69979162275155
4.259999999999997,-13.2831611105,21.7568037009,20.0310759779,0.832520543204,0.368660452437,0.0,-8.47904689019,12.6586926747,-1.20427485994,0.12299847766,0.00955659865796,0.0,458.9720784709958,459.30313123222993,462.61284650668745,461.72715970788647
4.319999999999996,-13.7975933988,22.5228450592,19.9519520474,0.844823755724,0.369223404053,0.0,-8.66831401097,12.8748037261,-1.43416972454,0.146133565711,0.00792458202834,0.0,472.29202202620155,472.16594119647283,471.11791189721856,472.9188020699282
4.379999999999995,-14.3210476109,23.2972349255,19.8549765222,0.855278862506,0.371233683685,0.0,-8.78056029124,12.9381113599,-1.79765031847,0.159211685662,-0.00689948439167,0.0,406.45488068321237,405.1232923959142,404.4504579301546,405.6510506709133
4.439999999999993,-14.8520092116,24.0767487504,19.7374964969,0.864829503561,0.372836145786,0.0,-8.91835778121,13.0451753988,-2.11805466289,0.159103939787,-0.0237011600477,0.0,427.6696129590989,426.2353907259897,426.8126478817909,426.8286383044221
4.499999999999992,-15.3924760557,24.864934755,19.6028343541,0.877925963812,0.372018867208,0.0,-9.09683755232,13.2266216805,-2.37146061998,0.137227615008,-0.0335044844812,0.0,461.78198662018855,461.0074736720192,462.88106231011557,461.17618900141514
4.559999999999991,-15.9425300652,25.6617046964,19.4511112677,0.887096440923,0.370096012555,0.0,-9.23847547238,13.3319370843,-2.68556145217,0.125356198226,-0.0381586660948,0.0,430.62997138040026,430.23529740448333,432.5141844531304,431.52955674364756
4.6199999999999894,-16.5007147084,26.4638862932,19.2799705619,0.894723735795,0.369824601031,0.0,-9.36805219289,13.407161596,-3.01837100438,0.120393382389,-0.0237507116776,0.0,418.4117888290125,419.6644954575825,418.82636996206077,418.4091696029555
4.679999999999988,-17.0673655041,27.2717652984,19.0900052708,0.903398343496,0.36980857087,0.0,-9.52040739348,13.5214187255,-3.31357592115,0.105942641399,-0.0118923841365,0.0,437.2186931309141,438.20613412251015,437.98965300035826,436.7976703117934
4.739999999999987,-17.6429244155,28.0858560054,18.881962569,0.918765671986,0.371076107408,0.0,-9.66474178599,13.6142292235,-3.62153454701,0.0718371241364,0.00237274276073,0.0,429.1216930793656,430.33171665090646,432.360077322659,429.4833542746634
4.799999999999986,-18.2265073171,28.9040947744,18.654441759,0.925307830991,0.372352399827,0.0,-9.78850045725,13.6601501748,-3.96152185768,0.087046183183,0.0128992923231,0.0,410.4308218782198,411.36451904557674,410.72860743519715,412.081320040209
4.859999999999984,-18.8198208132,29.7295196916,18.4100706149,0.933882368709,0.389956756211,0.0,-9.98835133284,13.8512811418,-4.18557711804,0.0657545704291,-0.0332571973715,0.0,476.559727505162,473.01664688654466,476.690529942567,475.06457908830066
4.919999999999983,-19.4227120502,30.5612855865,18.1486261928,0.937877214572,0.388019090325,0.0,-10.1087557188,13.8742938248,-4.52783966632,0.0618358152309,-0.0373508706581,0.0,409.1796221048432,408.81417202308376,410.1132990445781,409.7682809932855
4.979999999999982,-20.0353197396,31.3990642052,17.8703156869,0.941778455179,0.388522129077,0.0,-10.3113737903,14.0500160362,-4.74915050554,0.0655722342912,-0.0203649987484,0.0,474.6424477781709,475.9446420191743,474.8109901016649,475.1003094974951
5.0399999999999805,-20.6582900745,32.2435556372,17.5761897642,0.945740158238,0.387600559518,0.0,-10.4548367783,14.0993274804,-5.05399961103,0.0665455977884,-0.0154429844314,0.0,426.6734336148735,427.0937369884812,426.17164874070255,426.2583051834511
